R : (463,943)
1 : (461,585)
2 : (473,72)
3 : (463,568)
4 : (576,791)
5 : (979,483)
6 : (28,293)
7 : (814,170)
8 : (752,886)
9 : (273,305)
10 : (635,959)
11 : (729,871)
12 : (900,871)
13 : (766,43)
14 : (639,648)
15 : (801,948)
16 : (446,420)
17 : (367,788)
18 : (858,150)
19 : (540,302)
20 : (89,756)
21 : (555,553)
22 : (920,733)
23 : (223,415)
24 : (706,884)
25 : (625,952)
26 : (710,469)
27 : (844,368)
28 : (188,56)
29 : (317,715)
30 : (417,149)
31 : (13,549)
32 : (214,876)
33 : (203,845)
34 : (363,855)
35 : (52,982)
36 : (978,887)
37 : (907,811)
38 : (615,12)
39 : (751,819)
40 : (612,938)
41 : (370,111)
42 : (955,207)
43 : (767,719)
44 : (731,983)
45 : (339,725)
46 : (435,949)
47 : (350,805)
48 : (981,173)
49 : (366,457)
50 : (897,802)
51 : (634,658)
52 : (668,577)
53 : (836,437)
54 : (591,884)
55 : (854,335)
56 : (170,339)
57 : (405,979)
58 : (203,433)
59 : (630,25)
60 : (496,17)
61 : (296,868)
62 : (135,956)
63 : (410,766)
64 : (143,75)
65 : (569,716)
66 : (209,952)
67 : (731,768)
68 : (203,812)
69 : (795,719)
70 : (266,593)
71 : (890,907)
72 : (44,27)
73 : (988,551)
74 : (316,445)
75 : (86,712)
76 : (645,89)
77 : (927,904)
78 : (805,234)
79 : (435,761)
80 : (82,945)
81 : (948,376)
82 : (149,69)
83 : (431,324)
84 : (311,902)
85 : (368,245)
86 : (873,315)
87 : (241,20)
88 : (698,419)
89 : (547,503)
90 : (371,833)
91 : (429,298)
92 : (924,679)
93 : (554,405)
94 : (254,663)
95 : (131,891)
96 : (637,525)
97 : (208,277)
98 : (773,575)
99 : (813,523)
100 : (493,251)
101 : (240,744)
102 : (944,362)
103 : (691,812)
104 : (272,403)
105 : (448,212)
106 : (434,692)
107 : (798,929)
108 : (28,705)
109 : (785,278)
110 : (185,568)
111 : (499,709)
112 : (196,189)
113 : (130,778)
114 : (341,626)
115 : (649,343)
116 : (895,851)
117 : (864,958)
118 : (85,300)
119 : (752,646)
120 : (960,627)
121 : (225,546)
122 : (584,464)
123 : (445,639)
124 : (300,793)
125 : (844,948)
126 : (511,369)
127 : (10,275)
128 : (4,638)
129 : (362,579)
130 : (602,471)
131 : (796,534)
132 : (108,40)
133 : (813,604)
134 : (317,509)
135 : (50,808)
136 : (159,104)
137 : (242,172)
138 : (419,652)
139 : (318,160)
140 : (63,278)
141 : (451,738)
142 : (828,762)
143 : (169,393)
144 : (744,876)
145 : (76,636)
146 : (237,860)
147 : (794,470)
148 : (184,476)
149 : (911,706)
150 : (481,186)
151 : (592,815)
152 : (117,442)
153 : (682,301)
154 : (827,771)
155 : (231,89)
156 : (412,121)
157 : (372,454)
158 : (372,229)
159 : (176,728)
160 : (371,244)
161 : (944,372)
162 : (321,692)
163 : (599,562)
164 : (897,230)
165 : (487,72)
166 : (315,230)
167 : (650,777)
168 : (158,370)
169 : (861,609)
170 : (956,776)
171 : (244,936)
172 : (988,182)
173 : (21,837)
174 : (904,993)
175 : (466,455)
176 : (320,880)
177 : (41,595)
178 : (819,121)
179 : (500,346)
180 : (758,484)
181 : (405,104)
182 : (630,347)
183 : (778,389)
184 : (826,762)
185 : (189,238)
186 : (701,388)
187 : (24,777)
188 : (996,779)
189 : (809,967)
190 : (950,3)
191 : (18,347)
192 : (841,715)
193 : (139,479)
194 : (629,248)
195 : (937,51)
196 : (617,696)
197 : (137,625)
198 : (849,593)
199 : (887,554)
200 : (519,580)