R : (436,446)
1 : (27,50)
2 : (229,819)
3 : (294,266)
4 : (798,520)
5 : (622,726)
6 : (823,493)
7 : (435,240)
8 : (313,984)
9 : (920,14)
10 : (846,340)
11 : (16,916)
12 : (693,778)
13 : (141,251)
14 : (43,273)
15 : (844,142)
16 : (931,127)
17 : (623,99)
18 : (806,998)
19 : (461,450)
20 : (77,936)
21 : (13,921)
22 : (339,816)
23 : (275,734)
24 : (630,711)
25 : (980,516)
26 : (131,320)
27 : (395,145)
28 : (32,812)
29 : (763,920)
30 : (44,92)
31 : (568,619)
32 : (682,189)
33 : (700,734)
34 : (415,732)
35 : (201,855)
36 : (236,70)
37 : (621,483)
38 : (380,114)
39 : (359,698)
40 : (834,699)
41 : (192,596)
42 : (453,622)
43 : (933,834)
44 : (351,806)
45 : (457,478)
46 : (417,305)
47 : (55,260)
48 : (3,824)
49 : (975,993)
50 : (789,433)
51 : (447,809)
52 : (271,381)
53 : (952,425)
54 : (848,782)
55 : (58,343)
56 : (978,483)
57 : (253,536)
58 : (357,354)
59 : (862,33)
60 : (719,120)
61 : (263,304)
62 : (704,488)
63 : (216,694)
64 : (502,788)
65 : (199,378)
66 : (710,242)
67 : (301,533)
68 : (265,301)
69 : (881,242)
70 : (75,664)
71 : (739,180)
72 : (880,868)
73 : (52,908)
74 : (666,289)
75 : (107,709)
76 : (791,621)
77 : (424,799)
78 : (457,224)
79 : (861,909)
80 : (334,920)
81 : (54,50)
82 : (891,857)
83 : (45,232)
84 : (855,118)
85 : (739,76)
86 : (445,791)
87 : (484,873)
88 : (361,802)
89 : (916,314)
90 : (357,727)
91 : (315,528)
92 : (142,281)
93 : (665,127)
94 : (7,865)
95 : (837,672)
96 : (757,570)
97 : (25,519)
98 : (520,110)
99 : (239,513)
100 : (347,188)
101 : (804,545)
102 : (556,305)
103 : (311,914)
104 : (462,383)
105 : (456,310)
106 : (578,576)
107 : (472,97)
108 : (703,318)
109 : (497,752)
110 : (503,378)
111 : (509,539)
112 : (710,198)
113 : (423,975)
114 : (433,185)
115 : (653,242)
116 : (260,399)
117 : (75,618)
118 : (128,62)
119 : (950,714)
120 : (648,527)
121 : (478,109)
122 : (275,99)
123 : (991,884)
124 : (768,265)
125 : (286,121)
126 : (205,526)
127 : (84,327)
128 : (894,981)
129 : (575,445)
130 : (547,32)
131 : (551,556)
132 : (424,254)
133 : (800,355)
134 : (819,488)
135 : (217,507)
136 : (529,463)
137 : (84,551)
138 : (159,718)
139 : (569,414)
140 : (322,289)
141 : (475,564)
142 : (735,611)
143 : (839,51)
144 : (953,955)
145 : (503,337)
146 : (310,990)
147 : (713,947)
148 : (710,194)
149 : (301,635)
150 : (210,726)
151 : (89,549)
152 : (292,500)
153 : (379,890)
154 : (52,873)
155 : (759,697)
156 : (629,679)
157 : (394,198)
158 : (461,675)
159 : (664,358)
160 : (144,990)
161 : (855,577)
162 : (975,443)
163 : (748,695)
164 : (241,455)
165 : (510,814)
166 : (170,985)
167 : (729,800)
168 : (423,33)
169 : (179,968)
170 : (924,597)
171 : (696,375)
172 : (999,848)
173 : (712,409)
174 : (269,614)
175 : (214,594)
176 : (746,230)
177 : (60,553)
178 : (718,991)
179 : (87,614)
180 : (655,958)
181 : (646,83)
182 : (25,592)
183 : (811,672)
184 : (233,13)
185 : (743,782)
186 : (419,652)
187 : (448,290)
188 : (515,899)
189 : (394,874)
190 : (143,317)
191 : (265,573)
192 : (218,626)
193 : (860,724)
194 : (155,739)
195 : (831,206)
196 : (271,722)
197 : (208,645)
198 : (592,670)
199 : (895,321)
200 : (210,237)
201 : (532,178)
202 : (846,200)
203 : (738,580)
204 : (258,543)
205 : (444,982)
206 : (432,820)
207 : (458,87)
208 : (148,746)
209 : (66,837)
210 : (893,355)
211 : (702,321)
212 : (574,171)
213 : (411,331)
214 : (218,958)
215 : (559,315)
216 : (497,169)
217 : (997,245)
218 : (715,808)
219 : (690,507)
220 : (504,802)
221 : (759,838)
222 : (567,931)
223 : (652,691)
224 : (156,233)
225 : (72,829)
226 : (459,389)
227 : (835,898)
228 : (740,176)
229 : (409,434)
230 : (556,855)
231 : (315,592)
232 : (843,886)
233 : (455,185)
234 : (36,138)
235 : (456,87)
236 : (619,22)
237 : (558,6)
238 : (653,351)
239 : (145,754)
240 : (502,579)
241 : (46,514)
242 : (552,664)
243 : (327,780)
244 : (892,266)
245 : (946,342)
246 : (613,440)
247 : (624,787)
248 : (430,272)
249 : (510,871)
250 : (126,578)
251 : (272,457)
252 : (464,823)
253 : (546,999)
254 : (331,318)
255 : (608,265)
256 : (377,847)
257 : (152,273)
258 : (345,962)
259 : (849,754)
260 : (421,873)
261 : (742,130)
262 : (62,187)
263 : (816,931)
264 : (317,195)
265 : (491,636)
266 : (366,597)
267 : (606,613)
268 : (448,567)
269 : (982,164)
270 : (394,274)
271 : (81,211)
272 : (676,6)
273 : (203,471)
274 : (46,715)
275 : (880,881)
276 : (824,214)
277 : (357,790)
278 : (941,731)
279 : (343,452)
280 : (265,279)
281 : (986,39)
282 : (392,71)
283 : (262,965)
284 : (223,605)
285 : (890,370)
286 : (266,824)
287 : (308,186)
288 : (970,980)
289 : (731,148)
290 : (554,847)
291 : (256,939)
292 : (78,345)
293 : (354,509)
294 : (474,737)
295 : (955,777)
296 : (266,600)
297 : (924,420)
298 : (919,730)
299 : (133,439)
300 : (214,746)
301 : (744,972)
302 : (201,844)
303 : (88,168)
304 : (316,819)
305 : (483,653)
306 : (497,439)
307 : (448,415)
308 : (781,422)
309 : (675,491)
310 : (213,551)
311 : (298,701)
312 : (135,354)
313 : (943,526)
314 : (648,444)
315 : (879,986)
316 : (882,766)
317 : (505,314)
318 : (970,696)
319 : (33,91)
320 : (254,386)
321 : (433,237)
322 : (65,141)
323 : (852,809)
324 : (76,837)
325 : (941,782)
326 : (494,76)
327 : (606,13)
328 : (519,483)
329 : (393,674)
330 : (961,914)
331 : (502,874)
332 : (36,415)
333 : (158,677)
334 : (79,343)
335 : (576,42)
336 : (794,716)
337 : (38,8)
338 : (156,537)
339 : (819,303)
340 : (65,62)
341 : (336,83)
342 : (701,32)
343 : (875,268)
344 : (393,38)
345 : (414,152)
346 : (361,8)
347 : (225,269)
348 : (900,88)
349 : (179,799)
350 : (316,430)
351 : (934,786)
352 : (994,12)
353 : (485,675)
354 : (85,352)
355 : (735,342)
356 : (971,654)
357 : (763,159)
358 : (618,867)
359 : (207,625)
360 : (177,698)
361 : (281,279)
362 : (787,202)
363 : (876,670)
364 : (924,395)
365 : (558,79)
366 : (692,594)
367 : (790,349)
368 : (299,741)
369 : (614,336)
370 : (435,609)
371 : (101,327)
372 : (536,583)
373 : (850,379)
374 : (474,458)
375 : (856,203)
376 : (34,368)
377 : (980,402)
378 : (239,445)
379 : (56,279)
380 : (227,339)
381 : (298,930)
382 : (20,61)
383 : (420,970)
384 : (545,828)
385 : (563,286)
386 : (462,657)
387 : (296,778)
388 : (310,618)
389 : (977,253)
390 : (233,325)
391 : (330,332)
392 : (269,823)
393 : (402,275)
394 : (491,674)
395 : (76,811)
396 : (399,8)
397 : (877,984)
398 : (857,652)
399 : (735,359)
400 : (491,885)
401 : (564,889)
402 : (162,921)
403 : (983,767)
404 : (960,747)
405 : (845,43)
406 : (352,676)
407 : (836,216)
408 : (586,29)
409 : (693,53)
410 : (384,546)
411 : (206,480)
412 : (316,952)
413 : (235,977)
414 : (491,441)
415 : (345,712)
416 : (183,516)
417 : (820,227)
418 : (644,10)
419 : (91,710)
420 : (606,524)
421 : (349,930)
422 : (790,492)
423 : (25,990)
424 : (171,766)
425 : (506,149)
426 : (156,377)
427 : (744,732)
428 : (501,697)
429 : (766,31)
430 : (93,285)
431 : (28,357)
432 : (421,929)
433 : (847,928)
434 : (545,278)
435 : (492,304)
436 : (783,678)
437 : (979,726)
438 : (856,129)
439 : (795,282)
440 : (141,5)
441 : (495,813)
442 : (372,660)
443 : (530,855)
444 : (139,919)
445 : (221,645)
446 : (154,455)
447 : (437,492)
448 : (748,255)
449 : (580,164)
450 : (149,714)
451 : (896,495)
452 : (994,445)
453 : (731,130)
454 : (205,736)
455 : (557,344)
456 : (541,938)
457 : (27,195)
458 : (94,535)
459 : (992,690)
460 : (304,806)
461 : (221,526)
462 : (859,35)
463 : (636,472)
464 : (870,634)
465 : (112,743)
466 : (348,610)
467 : (476,62)
468 : (50,174)
469 : (268,880)
470 : (3,131)
471 : (659,581)
472 : (911,542)
473 : (51,394)
474 : (335,443)
475 : (599,913)
476 : (303,998)
477 : (760,299)
478 : (30,722)
479 : (217,813)
480 : (499,590)
481 : (544,28)
482 : (561,453)
483 : (545,629)
484 : (921,194)
485 : (936,994)
486 : (897,171)
487 : (894,668)
488 : (682,847)
489 : (272,332)
490 : (114,26)
491 : (448,464)
492 : (80,381)
493 : (373,871)
494 : (461,828)
495 : (908,728)
496 : (442,457)
497 : (121,523)
498 : (416,102)
499 : (961,158)
500 : (440,329)
501 : (668,829)
502 : (846,938)
503 : (477,541)
504 : (405,40)
505 : (798,930)
506 : (724,793)
507 : (641,847)
508 : (654,594)
509 : (434,228)
510 : (522,682)
511 : (963,943)
512 : (987,282)
513 : (660,921)
514 : (734,338)
515 : (381,274)
516 : (477,149)
517 : (61,314)
518 : (492,385)
519 : (952,452)
520 : (451,593)
521 : (280,843)
522 : (244,980)
523 : (39,906)
524 : (170,710)
525 : (404,258)
526 : (212,410)
527 : (884,638)
528 : (30,671)
529 : (424,711)
530 : (741,583)
531 : (112,476)
532 : (638,715)
533 : (687,849)
534 : (335,664)
535 : (169,176)
536 : (372,169)
537 : (336,828)
538 : (28,360)
539 : (161,684)
540 : (44,219)
541 : (874,614)
542 : (832,524)
543 : (147,764)
544 : (731,744)
545 : (217,276)
546 : (253,674)
547 : (563,667)
548 : (75,989)
549 : (142,393)
550 : (342,915)
551 : (205,363)
552 : (14,646)
553 : (151,437)
554 : (19,21)
555 : (158,135)
556 : (316,258)
557 : (61,596)
558 : (831,441)
559 : (334,865)
560 : (201,270)
561 : (673,446)
562 : (15,326)
563 : (621,353)
564 : (884,242)
565 : (9,481)
566 : (895,861)
567 : (643,248)
568 : (291,153)
569 : (375,265)
570 : (786,963)
571 : (903,539)
572 : (479,915)
573 : (140,704)
574 : (236,537)
575 : (762,374)
576 : (605,950)
577 : (621,980)
578 : (845,1000)
579 : (680,258)
580 : (169,77)
581 : (714,5)
582 : (832,983)
583 : (560,14)
584 : (976,396)
585 : (775,901)
586 : (40,52)
587 : (886,474)
588 : (178,982)
589 : (443,557)
590 : (266,418)
591 : (820,278)
592 : (905,684)
593 : (521,625)
594 : (346,582)
595 : (71,460)
596 : (667,458)
597 : (993,379)
598 : (260,559)
599 : (438,140)
600 : (367,234)
601 : (959,941)
602 : (70,612)
603 : (21,680)
604 : (393,708)
605 : (607,509)
606 : (294,984)
607 : (779,641)
608 : (628,651)
609 : (423,142)
610 : (582,934)
611 : (188,11)
612 : (963,64)
613 : (684,828)
614 : (761,894)
615 : (896,135)
616 : (810,47)
617 : (796,658)
618 : (258,28)
619 : (472,401)
620 : (691,175)
621 : (215,711)
622 : (13,958)
623 : (568,586)
624 : (321,600)
625 : (919,508)
626 : (336,135)
627 : (393,434)
628 : (218,216)
629 : (831,527)
630 : (309,531)
631 : (125,541)
632 : (226,594)
633 : (996,437)
634 : (84,326)
635 : (252,82)
636 : (262,64)
637 : (740,113)
638 : (129,536)
639 : (366,895)
640 : (427,485)
641 : (479,703)
642 : (885,856)
643 : (272,91)
644 : (919,80)
645 : (4,376)
646 : (166,526)
647 : (103,314)
648 : (911,729)
649 : (332,82)
650 : (396,606)
651 : (616,542)
652 : (231,617)
653 : (851,421)
654 : (982,759)
655 : (353,153)
656 : (371,426)
657 : (142,799)
658 : (616,959)
659 : (14,252)
660 : (726,987)
661 : (876,353)
662 : (382,792)
663 : (281,864)
664 : (150,515)
665 : (172,323)
666 : (265,321)
667 : (866,58)
668 : (133,115)
669 : (565,350)
670 : (892,94)
671 : (916,993)
672 : (289,89)
673 : (508,266)
674 : (644,110)
675 : (244,806)
676 : (699,534)
677 : (660,474)
678 : (900,742)
679 : (244,366)
680 : (194,119)
681 : (245,995)
682 : (904,89)
683 : (175,923)
684 : (48,252)
685 : (331,177)
686 : (270,268)
687 : (487,895)
688 : (90,8)
689 : (896,650)
690 : (78,307)
691 : (74,168)
692 : (137,412)
693 : (736,352)
694 : (728,592)
695 : (656,934)
696 : (754,724)
697 : (766,218)
698 : (735,94)
699 : (77,451)
700 : (139,299)
701 : (92,180)
702 : (257,934)
703 : (911,298)
704 : (945,592)
705 : (564,116)
706 : (494,918)
707 : (833,696)
708 : (59,885)
709 : (778,268)
710 : (625,822)
711 : (260,260)
712 : (783,748)
713 : (608,961)
714 : (406,630)
715 : (199,23)
716 : (700,39)
717 : (596,540)
718 : (777,95)
719 : (40,973)
720 : (4,776)
721 : (0,149)
722 : (608,657)
723 : (235,767)
724 : (682,537)
725 : (43,887)
726 : (522,264)
727 : (524,522)
728 : (594,655)
729 : (633,565)
730 : (387,24)
731 : (628,678)
732 : (380,285)
733 : (259,841)
734 : (910,556)
735 : (42,390)
736 : (882,621)
737 : (633,116)
738 : (851,229)
739 : (904,14)
740 : (339,548)
741 : (885,755)
742 : (442,400)
743 : (332,865)
744 : (615,792)
745 : (264,28)
746 : (480,420)
747 : (184,647)
748 : (367,927)
749 : (708,718)
750 : (537,974)
751 : (384,601)
752 : (781,639)
753 : (101,907)
754 : (549,844)
755 : (571,96)
756 : (142,744)
757 : (748,640)
758 : (415,486)
759 : (632,175)
760 : (908,79)
761 : (892,178)
762 : (373,599)
763 : (605,119)
764 : (828,149)
765 : (161,129)
766 : (240,200)
767 : (641,102)
768 : (476,963)
769 : (443,112)
770 : (485,514)
771 : (15,976)
772 : (693,441)
773 : (418,32)
774 : (145,490)
775 : (607,214)
776 : (171,249)
777 : (291,810)
778 : (343,468)
779 : (557,342)
780 : (430,631)
781 : (924,420)
782 : (148,595)
783 : (158,452)
784 : (440,608)
785 : (287,400)
786 : (376,60)
787 : (223,691)
788 : (784,421)
789 : (217,563)
790 : (38,949)
791 : (126,748)
792 : (238,10)
793 : (222,815)
794 : (64,784)
795 : (777,655)
796 : (814,428)
797 : (315,141)
798 : (3,607)
799 : (297,72)
800 : (396,791)
801 : (434,112)
802 : (408,449)
803 : (460,517)
804 : (23,266)
805 : (8,907)
806 : (594,714)
807 : (814,902)
808 : (405,83)
809 : (211,631)
810 : (528,188)
811 : (238,102)
812 : (859,864)
813 : (158,599)
814 : (130,328)
815 : (14,488)
816 : (641,172)
817 : (391,686)
818 : (226,747)
819 : (332,111)
820 : (761,659)
821 : (120,537)
822 : (187,492)
823 : (189,655)
824 : (58,858)
825 : (165,815)
826 : (780,95)
827 : (657,625)
828 : (332,513)
829 : (336,800)
830 : (976,673)
831 : (919,907)
832 : (765,299)
833 : (274,985)
834 : (856,123)
835 : (656,353)
836 : (292,118)
837 : (89,29)
838 : (501,553)
839 : (47,233)
840 : (483,942)
841 : (289,274)
842 : (975,632)
843 : (619,826)
844 : (163,342)
845 : (738,124)
846 : (925,464)
847 : (993,384)
848 : (458,739)
849 : (56,547)
850 : (104,20)
851 : (660,642)
852 : (785,507)
853 : (404,37)
854 : (782,590)
855 : (56,817)
856 : (57,318)
857 : (725,385)
858 : (731,127)
859 : (383,402)
860 : (861,27)
861 : (454,999)
862 : (626,673)
863 : (711,321)
864 : (314,734)
865 : (934,202)
866 : (217,280)
867 : (285,913)
868 : (59,532)
869 : (64,891)
870 : (200,787)
871 : (546,535)
872 : (639,114)
873 : (781,977)
874 : (734,786)
875 : (315,287)
876 : (588,75)
877 : (872,837)
878 : (554,195)
879 : (502,508)
880 : (636,751)
881 : (872,60)
882 : (775,845)
883 : (484,361)
884 : (388,507)
885 : (372,34)
886 : (623,624)
887 : (567,125)
888 : (183,702)
889 : (562,430)
890 : (183,239)
891 : (58,254)
892 : (18,929)
893 : (422,615)
894 : (206,715)
895 : (446,968)
896 : (531,829)
897 : (909,97)
898 : (826,964)
899 : (629,336)
900 : (833,196)
901 : (991,659)
902 : (836,165)
903 : (55,939)
904 : (847,548)
905 : (715,579)
906 : (709,819)
907 : (815,444)
908 : (205,718)
909 : (855,818)
910 : (514,979)
911 : (453,90)
912 : (575,136)
913 : (252,626)
914 : (146,273)
915 : (934,610)
916 : (525,494)
917 : (32,611)
918 : (832,387)
919 : (677,575)
920 : (895,309)
921 : (16,6)
922 : (982,249)
923 : (434,364)
924 : (899,157)
925 : (195,608)
926 : (214,85)
927 : (917,726)
928 : (394,667)
929 : (338,541)
930 : (619,794)
931 : (53,49)
932 : (29,890)
933 : (680,254)
934 : (62,453)
935 : (632,599)
936 : (311,772)
937 : (941,312)
938 : (987,439)
939 : (738,714)
940 : (745,135)
941 : (419,406)
942 : (844,313)
943 : (527,615)
944 : (613,51)
945 : (253,950)
946 : (631,715)
947 : (592,236)
948 : (965,105)
949 : (504,531)
950 : (171,473)
951 : (303,662)
952 : (39,366)
953 : (335,876)
954 : (783,679)
955 : (43,301)
956 : (916,294)
957 : (579,910)
958 : (185,298)
959 : (482,200)
960 : (43,251)
961 : (759,136)
962 : (336,111)
963 : (538,503)
964 : (706,996)
965 : (873,32)
966 : (849,862)
967 : (248,997)
968 : (399,411)
969 : (631,908)
970 : (996,602)
971 : (992,227)
972 : (174,191)
973 : (790,309)
974 : (270,169)
975 : (533,345)
976 : (904,987)
977 : (902,860)
978 : (947,778)
979 : (646,232)
980 : (306,97)
981 : (775,985)
982 : (847,935)
983 : (993,449)
984 : (103,991)
985 : (746,298)
986 : (479,460)
987 : (403,880)
988 : (697,280)
989 : (690,752)
990 : (843,838)
991 : (653,464)
992 : (569,936)
993 : (68,990)
994 : (300,898)
995 : (563,270)
996 : (525,393)
997 : (177,930)
998 : (636,212)
999 : (781,655)
1000 : (469,704)