R : (402,845)
1 : (117,582)
2 : (282,955)
3 : (322,940)
4 : (119,251)
5 : (845,948)
6 : (179,804)
7 : (309,895)
8 : (610,111)
9 : (475,608)
10 : (695,767)
11 : (233,79)
12 : (565,469)
13 : (281,672)
14 : (634,459)
15 : (800,352)
16 : (957,660)
17 : (677,647)
18 : (183,213)
19 : (473,453)
20 : (747,172)
21 : (485,23)
22 : (505,839)
23 : (81,110)
24 : (877,359)
25 : (531,357)
26 : (957,853)
27 : (545,214)
28 : (693,639)
29 : (51,807)
30 : (636,392)
31 : (776,331)
32 : (200,650)
33 : (275,949)
34 : (569,765)
35 : (699,727)
36 : (250,298)
37 : (81,381)
38 : (546,867)
39 : (699,567)
40 : (320,123)
41 : (388,234)
42 : (468,919)
43 : (64,563)
44 : (371,604)
45 : (913,448)
46 : (622,263)
47 : (338,854)
48 : (549,563)
49 : (617,192)
50 : (5,322)